fileID	trigTimes	family	condition	question 	qFile1	qFile2	repCorr
C101	1.836	01	1	X	1-boisson	1-transport	1-boisson
C102	1.902	02	1				
C103	4.805	03	1	X	3-sport	3-couture	3-sport
C105	10.611	05	1				
C106	3.841	06	1	X	6-vetement	6-saison	6-saison
C108	5.005	08	1				
C109	3.104	09	1	X	9-voyage	9-animaux	9-animaux
C110	2.136	10	1	X	10-ordinateur	10-conte	10-conte
C111	3.471	11	1	X	11-mer	11-dieu	11-mer
C112	3.337	12	1				
C113	3.204	13	1	X	13-insectes	13-tableau	13-insectes
C114	4.705	14	1				
C115	3.070	15	1				
C116	2.970	16	1	X	16-internet	16-famille	16-famille
C117	3.804	17	1	X	17-transport	17-sandwich	
C118	3.671	18	1				
C119	2.002	19	1				
C120	5.339	20	1				
C121	4.238	21	1	X	21-geographie	21-chimie	21-geographie
C122	4.538	22	1	X	22-travail	22-nourriture	22-nourriture
C124	4.805	24	1				
C125	2.570	25	1				
C126	2.770	26	1				
C127	5.973	27	1				
C128	4.305	28	1	X	28-syndicat	28-reine	28-reine
C130	5.406	30	1				
C131	3.637	31	1	X	31-cours	31-oeuf	31-cours
C133	3.170	33	1				
C134	1.669	34	1				
C135	2.536	35	1				
C136	2.303	36	1				
C137	3.671	37	1				
C138	9.810	38	1				
C139	2.903	39	1				
C140	3.371	40	1				
C141	3.771	41	1				
C142	3.337	42	1				
C143	3.504	43	1				
C144	3.237	44	1				
C145	2.770	45	1				
C146	3.437	46	1				
C147	3.838	47	1				
C148	4.538	48	1				
C149	5.172	49	1	X	49-telephone	49-riz	49-riz
C150	4.438	50	1				
C151	2.669	51	1				
C152	4.772	52	1				
C153	3.871	53	1				
C154	7.408	54	1				
C155	4.305	55	1				
C156	3.904	56	1	X	56-gouter	56-pharmacie	56-gouter
C157	6.173	57	1				
C158	4.071	58	1				
C159	2.269	59	1				
C160	2.870	60	1				
C201	2.403	01	2				
C202	1.402	02	2				
C204	4.538	04	2				
C205	8.075	05	2				
C206	3.404	06	2				
C208	4.672	08	2				
C209	2.703	09	2				
C210	1.969	10	2				
C212	2.803	12	2				
C214	4.705	14	2				
C216	2.937	16	2				
C217	3.170	17	2				
C218	2.570	18	2				
C219	1.335	19	2				
C220	5.072	20	2				
C221	3.838	21	2				
C222	4.305	22	2				
C223	2.269	23	2				
C224	5.172	24	2				
C225	2.837	25	2				
C226	2.603	26	2				
C227	6.006	27	2				
C228	3.604	28	2				
C229	2.370	29	2				
C230	4.605	30	2				
C231	3.003	31	2				
C232	0.968	32	2				
C233	4.071	33	2				
C234	1.302	34	2				
C235	2.236	35	2				
C236	3.003	36	2				
C237	3.204	37	2				
C238	10.378	38	2				
C239	2.570	39	2				
C240	2.870	40	2				
C242	2.303	42	2				
C243	2.436	43	2				
C244	3.971	44	2				
C245	2.036	45	2				
C246	3.504	46	2				
C247	3.738	47	2				
C248	4.171	48	2				
C251	2.336	51	2				
C252	3.704	52	2				
C253	3.537	53	2				
C254	4.405	54	2				
C255	4.071	55	2				
C256	3.971	56	2				
C257	5.639	57	2				
C258	3.304	58	2				
C260	3.003	60	2				
C301	1.802	01	3				
C302	1.602	02	3				
C303	4.538	03	3				
C305	7.341	05	3				
C306	3.304	06	3				
C308	4.972	08	3				
C309	2.636	09	3				
C310	1.569	10	3				
C311	2.903	11	3				
C312	2.636	12	3				
C313	3.070	13	3				
C314	3.971	14	3				
C315	2.803	15	3				
C316	2.670	16	3				
C317	3.037	17	3				
C318	2.536	18	3				
C319	1.769	19	3				
C321	3.371	21	3				
C322	4.972	22	3				
C323	2.303	23	3				
C324	4.472	24	3				
C325	2.370	25	3				
C326	2.837	26	3				
C327	6.874	27	3				
C328	3.637	28	3				
C329	2.269	29	3				
C330	4.605	30	3				
C331	2.870	31	3				
C332	0.935	32	3				
C333	3.237	33	3				
C334	1.936	34	3				
C335	1.602	35	3				
C336	2.403	36	3				
C337	3.437	37	3				
C338	9.877	38	3				
C339	2.336	39	3				
C340	2.503	40	3				
C341	3.170	41	3				
C342	2.737	42	3				
C343	2.870	43	3				
C344	3.237	44	3				
C345	2.203	45	3				
C346	3.470	46	3				
C347	3.304	47	3				
C348	4.772	48	3				
C349	4.271	49	3				
C352	3.371	52	3				
C354	4.472	54	3				
C355	4.205	55	3				
C357	5.206	57	3				
C358	4.105	58	3				
C360	2.436	60	3				
C401	1.936	01	4				
C402	3.037	02	4				
C404	4.271	04	4				
C405	8.275	05	4				
C406	3.771	06	4				
C408	4.171	08	4				
C409	3.003	09	4				
C410	1.469	10	4				
C414	4.271	14	4				
C416	2.837	16	4				
C417	3.170	17	4				
C418	2.269	18	4				
C419	1.469	19	4				
C420	4.772	20	4				
C421	3.371	21	4				
C423	2.236	23	4				
C424	4.438	24	4				
C425	2.570	25	4				
C426	2.636	26	4				
C427	6.474	27	4				
C428	3.204	28	4				
C429	2.803	29	4				
C430	4.472	30	4				
C431	2.403	31	4				
C432	1.035	32	4				
C433	3.437	33	4				
C434	1.402	34	4				
C435	1.569	35	4				
C436	1.969	36	4				
C437	3.003	37	4				
C438	8.843	38	4				
C439	2.436	39	4				
C440	2.470	40	4				
C442	3.471	42	4				
C443	2.803	43	4				
C444	3.003	44	4				
C445	2.370	45	4				
C446	3.304	46	4				
C447	3.070	47	4				
C448	3.838	48	4				
C449	3.104	49	4				
C451	1.836	51	4				
C452	3.437	52	4				
C453	3.671	53	4				
C454	5.106	54	4				
C455	4.739	55	4				
C456	3.304	56	4				
C457	5.506	57	4				
C458	3.471	58	4				
C460	2.470	60	4				
C501	2.370	01	5				
C502	2.803	02	5				
C503	5.172	03	5				
C504	5.106	04	5				
C505	8.075	05	5				
C506	3.237	06	5				
C508	4.739	08	5				
C509	2.970	09	5				
C510	1.669	10	5				
C511	2.636	11	5				
C512	2.770	12	5				
C513	3.003	13	5				
C515	2.603	15	5				
C516	2.870	16	5				
C517	3.838	17	5				
C518	2.370	18	5				
C519	1.602	19	5				
C520	5.473	20	5				
C521	3.070	21	5				
C522	3.671	22	5				
C523	2.203	23	5				
C524	4.472	24	5				
C525	2.703	25	5				
C526	3.304	26	5				
C527	5.906	27	5				
C528	3.137	28	5				
C529	2.203	29	5				
C530	5.606	30	5				
C531	2.570	31	5				
C532	0.935	32	5				
C533	3.204	33	5				
C534	1.602	34	5				
C535	1.702	35	5				
C536	1.969	36	5				
C537	3.070	37	5				
C538	9.744	38	5				
C539	2.803	39	5				
C540	2.570	40	5				
C541	3.471	41	5				
C542	2.503	42	5				
C543	2.670	43	5				
C544	3.037	44	5				
C545	2.002	45	5				
C546	3.704	46	5				
C547	3.003	47	5				
C548	4.071	48	5				
C549	3.404	49	5				
C550	3.871	50	5				
C551	2.036	51	5				
C552	3.537	52	5				
C553	3.738	53	5				
C554	4.171	54	5				
C555	3.671	55	5				
C556	3.170	56	5				
C557	5.840	57	5				
C558	3.537	58	5				
C559	1.869	59	5				
C560	2.536	60	5				
